0.05 -0.01 1.02 27.45
0.05 -0.01 1.02 27.45
0.05 -0.01 1.03 27.54
0.05 -0.00 1.03 27.54
0.05 -0.01 1.03 27.54
0.06 -0.01 1.03 27.45
0.06 -0.00 1.02 27.59
0.08 -0.00 1.03 27.40
0.14 -0.02 1.02 27.49
0.19 -0.03 1.04 27.49
0.30 -0.05 1.02 27.49
0.26 -0.04 1.03 27.59
0.32 -0.06 1.02 27.45
0.34 -0.05 1.00 27.35
0.29 0.01 1.05 27.45
0.34 -0.02 0.97 27.54
0.14 -0.00 1.03 27.45
0.05 -0.01 1.03 27.49
-0.20 0.01 1.01 27.49
-0.39 0.02 1.05 27.40
-0.52 0.04 1.07 27.40
-0.29 0.00 1.03 27.40
-0.23 0.02 1.03 27.49
0.05 -0.01 1.03 27.40
0.06 -0.00 1.03 27.59
0.07 0.00 1.03 27.49
0.06 0.00 1.03 27.45
0.06 -0.00 1.03 27.54
0.05 -0.01 1.02 27.45
0.05 -0.00 1.03 27.54
0.06 -0.00 1.02 27.40
0.06 -0.00 1.02 27.49
0.06 0.00 1.03 27.49
0.05 -0.00 1.03 27.45
0.06 -0.01 1.02 27.54
0.06 0.00 1.02 27.45
0.06 -0.00 1.03 27.45
0.05 -0.01 1.03 27.45
0.05 -0.00 1.02 27.49
0.05 -0.00 1.02 27.40
0.06 -0.00 1.03 27.49
0.06 0.00 1.02 27.49
0.05 -0.00 1.03 27.45
0.05 -0.00 1.02 27.45
0.06 0.00 1.03 27.45
0.06 -0.00 1.02 27.49
0.05 -0.00 1.03 27.49
0.05 -0.00 1.03 27.49
0.05 -0.00 1.02 27.59
0.05 -0.01 1.02 27.45
0.05 -0.00 1.03 27.40
0.06 0.00 1.03 27.54
0.05 -0.00 1.03 27.45
0.06 -0.00 1.03 27.45
0.05 -0.00 1.03 27.54
0.05 -0.00 1.03 27.49
0.06 -0.00 1.02 27.49
0.05 -0.01 1.02 27.49
0.05 -0.00 1.03 27.49
0.05 -0.01 1.04 27.49
0.06 -0.00 1.03 27.59
0.06 -0.00 1.02 27.45
0.06 -0.00 1.03 27.54
0.05 -0.01 1.03 27.45
0.05 0.00 1.02 27.35
0.05 -0.00 1.03 27.49
0.05 -0.00 1.03 27.49
0.06 -0.00 1.03 27.49
0.06 0.00 1.02 27.49
0.06 -0.01 1.03 27.54
0.06 -0.01 1.02 27.45
0.06 0.00 1.03 27.45
0.05 -0.00 1.02 27.49
0.05 -0.01 1.03 27.49
0.05 -0.00 1.03 27.49
0.06 -0.00 1.03 27.49
0.06 -0.01 1.02 27.45
0.05 -0.01 1.02 27.40
0.06 -0.04 1.02 27.49
0.06 -0.11 1.05 27.54
0.05 -0.19 1.01 27.45
0.07 -0.16 1.00 27.45
0.04 -0.15 1.02 27.45
0.02 -0.16 1.02 27.54
-0.03 -0.08 1.00 27.45
0.01 -0.01 1.06 27.45
0.07 0.08 1.00 27.35
0.11 0.10 1.01 27.49
0.11 0.19 1.05 27.59
0.09 0.18 1.00 27.45
0.08 0.15 1.01 27.54
0.08 0.13 1.02 27.49
0.06 0.10 1.03 27.45
0.05 0.04 1.02 27.45
0.05 -0.00 1.03 27.49
0.04 0.00 1.02 27.49
0.06 -0.01 1.03 27.49
0.05 -0.00 1.03 27.45
0.06 0.00 1.03 27.45
0.05 0.00 1.03 27.45
0.06 -0.00 1.03 27.49
0.06 -0.00 1.02 27.49
0.05 -0.00 1.02 27.49
0.05 -0.01 1.03 27.40
0.06 -0.00 1.02 27.45
0.05 -0.00 1.02 27.49
0.05 -0.00 1.02 27.40
0.06 -0.00 1.03 27.45
0.05 -0.01 1.02 27.45
0.05 0.00 1.03 27.35
0.05 -0.00 1.03 27.64
0.06 0.00 1.02 27.49
0.06 -0.00 1.03 27.49
0.05 0.00 1.02 27.45
0.05 -0.00 1.03 27.35
0.06 -0.00 1.03 27.54
0.05 -0.01 1.02 27.35
0.05 -0.01 1.03 27.35
0.06 -0.00 1.02 27.54
0.05 0.01 1.02 27.54
0.06 0.00 1.03 27.40
0.05 -0.01 1.03 27.40
0.06 -0.00 1.02 27.45
0.06 -0.00 1.03 27.45
0.06 0.01 1.03 27.35
0.05 0.00 1.03 27.45
0.06 0.00 1.03 27.49
0.06 -0.00 1.02 27.45
0.06 0.00 1.02 27.49
0.05 -0.00 1.03 27.45
0.05 0.00 1.02 27.45
0.05 -0.00 1.02 27.49
0.02 0.04 1.03 27.49
0.04 -0.01 1.02 27.49
-0.05 0.01 1.03 27.49
-0.18 0.03 1.04 27.40
-0.14 -0.01 1.03 27.54
-0.15 -0.03 1.06 27.49
-0.20 -0.01 1.05 27.40
-0.19 -0.02 1.06 27.45
-0.24 0.00 1.05 27.45
-0.18 -0.04 1.06 27.54
0.20 -0.03 1.00 27.54
0.21 -0.00 1.00 27.54
0.44 -0.04 1.02 27.45
0.45 -0.06 1.05 27.35
0.32 -0.02 1.04 27.54
0.26 -0.01 1.02 27.45
0.29 -0.02 1.02 27.49
0.25 0.00 1.02 27.49
0.06 -0.01 1.03 27.40
0.05 -0.00 1.03 27.49
0.05 -0.01 1.03 27.54
0.05 -0.01 1.03 27.45
0.06 -0.00 1.02 27.45
0.06 0.00 1.02 27.54
0.06 -0.01 1.02 27.54
0.05 -0.00 1.03 27.54
0.05 -0.00 1.02 27.45
0.06 0.00 1.03 27.40
0.06 -0.01 1.03 27.49
0.06 -0.01 1.02 27.45
0.05 -0.00 1.03 27.49
0.05 -0.01 1.02 27.49
0.05 -0.00 1.03 27.45
0.05 0.00 1.02 27.45
0.05 0.00 1.02 27.45
0.05 -0.00 1.03 27.40
0.06 -0.00 1.03 27.49
0.06 -0.00 1.02 27.40
0.05 -0.00 1.02 27.54
0.06 -0.00 1.02 27.40
0.04 -0.00 1.03 27.45
0.06 0.00 1.01 27.45
0.06 -0.01 1.02 27.45
0.06 -0.00 1.03 27.45
0.06 -0.01 1.03 27.45
0.06 0.00 1.02 27.49
0.05 0.00 1.03 27.40
0.05 -0.00 1.02 27.45
0.06 -0.01 1.03 27.45
0.05 0.00 1.03 27.54
0.05 -0.00 1.02 27.54
0.05 -0.00 1.03 27.59
0.05 -0.01 1.03 27.40
0.05 0.00 1.03 27.49
0.06 -0.00 1.03 27.49
0.05 -0.00 1.03 27.49
0.05 0.01 1.03 27.45
0.02 0.22 1.02 27.45
0.06 0.22 1.03 27.40
0.05 0.23 1.03 27.49
-0.01 0.25 1.03 27.45
0.04 0.22 1.03 27.54
0.13 0.19 1.02 27.45
0.16 0.03 1.04 27.49
0.10 -0.14 1.03 27.49
-0.04 -0.18 1.00 27.45
0.03 -0.20 1.04 27.45
0.15 -0.54 1.03 27.49
0.14 -0.31 1.02 27.45
0.06 -0.22 1.01 27.45
-0.01 0.11 1.02 27.35
0.07 -0.10 1.03 27.45
0.05 -0.02 1.02 27.54
0.06 -0.10 1.04 27.45
0.07 0.01 1.02 27.54
0.06 -0.04 1.02 27.49
0.05 -0.05 1.02 27.40
0.05 -0.02 1.02 27.40
0.06 -0.01 1.02 27.49
0.06 -0.01 1.03 27.54
0.05 -0.01 1.02 27.45
0.06 -0.00 1.03 27.54
0.06 -0.01 1.03 27.35
0.06 -0.00 1.03 27.54
0.05 -0.01 1.02 27.45
0.05 -0.01 1.03 27.45
0.05 -0.00 1.03 27.45
0.05 -0.01 1.02 27.54
0.06 -0.00 1.03 27.54
0.06 -0.01 1.03 27.40
0.05 -0.01 1.02 27.49
0.06 -0.00 1.03 27.40
0.05 -0.00 1.03 27.35
0.06 -0.00 1.03 27.49
0.06 -0.00 1.02 27.45
0.05 -0.01 1.03 27.45
0.06 -0.00 1.02 27.45
0.05 -0.00 1.03 27.45
0.05 0.00 1.02 27.45
0.06 -0.00 1.02 27.40
0.06 -0.00 1.02 27.40
0.06 -0.01 1.03 27.40
0.06 -0.01 1.03 27.40
0.15 -0.01 1.03 27.49
0.13 -0.03 1.01 27.59
0.26 -0.05 1.02 27.45
0.27 -0.05 1.03 27.45
0.30 -0.03 0.99 27.45
0.32 -0.02 1.03 27.45
0.25 -0.01 1.05 27.45
0.21 -0.01 1.03 27.45
0.05 0.02 1.06 27.45
0.17 -0.00 1.09 27.40
0.08 -0.01 1.04 27.49
-0.04 -0.02 1.03 27.54
-0.10 -0.03 1.04 27.49
-0.21 0.00 1.04 27.40
-0.23 0.01 1.03 27.40
-0.22 0.01 1.02 27.49
-0.20 -0.00 1.03 27.40
-0.17 -0.02 1.05 27.49
-0.06 -0.03 1.03 27.45
0.05 -0.01 1.03 27.45
0.06 -0.00 1.03 27.54
0.06 0.00 1.03 27.45
0.05 0.00 1.03 27.49
0.05 -0.01 1.03 27.45
0.05 -0.00 1.03 27.45
0.06 0.00 1.03 27.45
0.06 -0.00 1.02 27.45
0.05 -0.00 1.02 27.45
0.06 0.00 1.03 27.49
0.05 -0.00 1.02 27.40
0.06 0.00 1.03 27.40
0.05 0.00 1.02 27.45
0.06 -0.00 1.03 27.45
0.05 -0.00 1.02 27.40
0.05 -0.00 1.03 27.40
0.06 0.00 1.03 27.40
0.06 -0.00 1.03 27.40
0.05 -0.01 1.03 27.45
0.05 -0.00 1.03 27.45
0.06 -0.00 1.02 27.54
0.06 -0.01 1.03 27.54
0.06 -0.00 1.03 27.54
0.05 -0.00 1.03 27.45
0.06 -0.00 1.02 27.40
0.05 -0.00 1.02 27.49
0.05 0.00 1.03 27.49
0.05 -0.01 1.03 27.45
0.05 -0.01 1.02 27.45
0.05 -0.00 1.03 27.45
0.05 -0.01 1.02 27.54
-0.06 -0.19 1.02 27.45
0.08 -0.11 1.01 27.45
0.06 -0.09 1.01 27.54
0.04 -0.15 1.01 27.45
0.04 -0.20 1.03 27.35
-0.00 -0.22 1.00 27.45
0.03 -0.20 1.02 27.45
0.03 -0.11 1.05 27.45
0.12 0.00 0.97 27.45
0.11 0.07 1.05 27.49
0.11 0.17 1.03 27.49
0.11 0.27 1.01 27.45
0.08 0.29 1.03 27.49
0.11 0.22 1.01 27.40
0.07 0.21 1.03 27.45
0.05 0.01 1.02 27.35
0.05 0.01 1.03 27.49
0.05 -0.00 1.03 27.49
0.05 -0.01 1.03 27.45
0.06 -0.01 1.03 27.45
0.05 -0.01 1.02 27.45
0.05 -0.00 1.02 27.45
0.06 0.00 1.02 27.54
0.05 0.00 1.03 27.49
0.05 0.00 1.02 27.45
0.06 -0.00 1.03 27.45
0.06 0.00 1.02 27.45
0.06 -0.00 1.03 27.45
0.06 -0.00 1.03 27.40
0.05 0.00 1.03 27.49
0.05 -0.01 1.03 27.40
0.05 -0.00 1.03 27.40
0.05 -0.00 1.02 27.45
0.06 0.00 1.03 27.54
0.05 0.00 1.03 27.54
0.05 -0.00 1.03 27.40
-0.11 0.01 1.03 27.40
-0.16 0.00 1.03 27.40
-0.24 -0.01 1.06 27.40
-0.25 -0.00 1.05 27.40
-0.24 -0.01 1.07 27.45
-0.19 0.00 1.04 27.45
-0.14 0.02 0.99 27.45
0.09 -0.03 1.04 27.54
0.14 -0.01 1.00 27.45
0.20 -0.03 1.03 27.54
0.19 -0.03 0.99 27.45
0.34 -0.02 1.00 27.45
0.35 -0.03 1.05 27.49
0.37 0.01 1.04 27.49
0.40 0.01 1.02 27.45
0.06 0.00 1.03 27.35
0.05 -0.00 1.02 27.45
0.05 -0.01 1.02 27.45
0.04 -0.01 1.02 27.49
0.05 0.00 1.02 27.40
0.06 0.00 1.03 27.40
0.06 -0.00 1.03 27.45
0.05 -0.00 1.03 27.54
0.05 -0.01 1.02 27.45
0.05 -0.00 1.02 27.45
0.07 -0.00 1.03 27.45
0.05 -0.01 1.02 27.54
0.05 -0.00 1.03 27.45
0.06 -0.01 1.04 27.45
0.05 -0.00 1.02 27.40
0.05 -0.00 1.03 27.49
0.05 0.00 1.02 27.49
0.06 -0.01 1.03 27.54
0.06 -0.00 1.02 27.40
0.06 0.00 1.03 27.45
0.02 0.12 1.02 27.45
0.06 0.14 1.03 27.40
0.06 0.19 1.02 27.45
0.10 0.20 1.01 27.45
0.10 0.18 1.01 27.54
0.14 0.22 1.00 27.40
0.05 0.14 1.04 27.49
0.02 0.04 1.02 27.45
0.04 -0.00 1.01 27.45
-0.03 -0.05 1.05 27.49
0.05 -0.12 1.01 27.54
0.07 -0.16 1.03 27.45
-0.99 -2.00 0.50 27.49
0.02 -0.33 1.07 27.54
0.04 -0.52 1.00 27.45
0.02 -0.10 0.98 27.49
0.05 -0.11 1.03 27.40
0.09 -0.12 1.03 27.40
0.06 -0.01 1.03 27.49
0.05 -0.00 1.03 27.40
0.06 -0.00 1.03 27.45
0.06 0.00 1.03 27.59
0.05 -0.00 1.03 27.45
0.06 -0.00 1.03 27.45
0.06 -0.00 1.03 27.54
0.06 -0.00 1.03 27.45
0.06 0.00 1.02 27.54
0.06 -0.01 1.03 27.49
0.06 -0.01 1.03 27.40
0.06 -0.01 1.02 27.45
0.12 -0.03 1.03 27.40
0.23 -0.05 1.01 27.45
0.24 -0.06 1.01 27.35
0.25 -0.03 1.01 27.45
0.28 -0.01 1.01 27.45
0.25 -0.03 1.04 27.35
0.30 -0.00 0.98 27.45
0.35 -0.03 1.00 27.49
0.18 -0.00 0.96 27.49
0.17 0.01 1.04 27.49
0.13 0.01 1.02 27.45
0.10 -0.00 1.02 27.45
-0.22 0.02 1.03 27.45
-0.35 0.01 1.06 27.49
-0.40 0.02 1.03 27.49
-0.30 -0.02 1.05 27.49
-0.19 -0.01 1.03 27.40
0.05 0.00 1.03 27.45
0.05 -0.00 1.02 27.40
0.06 -0.01 1.02 27.49
0.07 -0.00 1.03 27.49
0.06 -0.01 1.02 27.45
0.05 -0.01 1.02 27.45
0.05 -0.00 1.02 27.45
0.05 -0.00 1.02 27.45
0.06 0.00 1.02 27.45
0.05 -0.00 1.03 27.40
0.06 -0.01 1.03 27.40
0.06 -0.00 1.03 27.40
0.06 0.00 1.03 27.31
0.06 -0.01 1.03 27.45
0.03 -0.02 1.03 27.45
0.05 -0.11 1.02 27.45
0.10 -0.18 1.01 27.54
0.09 -0.14 1.06 27.45
0.04 -0.19 1.05 27.45
0.04 -0.21 1.02 27.49
0.04 -0.19 1.03 27.49
0.01 -0.14 1.01 27.49
0.02 -0.08 1.02 27.40
0.09 0.05 1.02 27.49
0.07 0.13 1.02 27.45
0.05 0.23 1.06 27.54
0.05 0.23 1.03 27.49
0.12 0.25 1.03 27.45
0.06 0.24 1.03 27.54
0.08 0.20 1.01 27.49
0.06 0.01 1.03 27.49
0.06 0.01 1.03 27.35
0.05 0.00 1.03 27.45
0.05 -0.01 1.02 27.49
0.06 -0.01 1.03 27.49
0.06 0.00 1.03 27.40
0.06 0.01 1.03 27.35
0.05 0.01 1.02 27.45
0.06 0.01 1.02 27.49
0.02 0.02 1.02 27.45
-0.12 0.03 1.01 27.45
-0.19 0.01 1.06 27.45
-0.28 0.02 1.04 27.54
-0.26 0.01 1.02 27.49
-0.14 0.02 1.03 27.49
-0.22 0.02 0.99 27.49
-0.11 -0.02 0.99 27.40
0.12 -0.08 1.04 27.49
0.06 -0.01 1.05 27.40
0.24 -0.05 1.02 27.40
0.41 -0.06 1.04 27.40
0.43 -0.01 1.01 27.45
0.38 -0.01 1.01 27.40
0.39 -0.00 1.02 27.45
0.34 -0.02 1.03 27.54
0.06 -0.00 1.02 27.45
0.05 -0.01 1.03 27.45
0.04 -0.01 1.03 27.45
0.06 -0.00 1.02 27.45
0.06 0.01 1.03 27.54
0.07 0.01 1.03 27.49
0.06 0.03 1.03 27.35
0.06 0.16 1.02 27.54
0.09 0.15 1.03 27.49
0.11 0.19 1.03 27.49
0.12 0.18 1.05 27.45
0.10 0.18 1.05 27.49
0.09 0.11 1.04 27.31
0.00 0.01 1.03 27.45
0.00 0.03 1.00 27.45
-0.00 -0.04 1.03 27.49
0.06 -0.05 1.03 27.40
0.08 -0.06 1.02 27.40
0.05 -0.11 1.01 27.49
-0.02 -0.13 1.07 27.40
0.04 -0.29 1.04 27.49
-0.09 -0.04 1.11 27.40
0.07 -0.21 1.03 27.40
0.05 -0.13 1.06 27.40
0.10 -0.11 1.03 27.40
0.06 -0.01 1.02 27.49
0.06 -0.01 1.03 27.40
0.06 -0.00 1.03 27.45
0.05 -0.01 1.03 27.45
0.05 0.00 1.02 27.54
0.06 0.01 1.03 27.59
0.06 -0.01 1.02 27.40
0.07 -0.02 1.03 27.49
0.14 -0.04 1.01 27.35
0.27 -0.08 1.01 27.45
0.29 -0.06 1.02 27.45
0.28 -0.04 1.03 27.45
0.31 -0.03 1.05 27.45
0.27 -0.00 1.04 27.45
0.28 0.00 1.06 27.54
0.24 0.01 1.05 27.49
0.05 0.04 1.00 27.54
0.06 0.05 0.96 27.54
0.04 -0.02 1.02 27.49
-0.16 0.03 1.02 27.49
-0.15 -0.01 1.02 27.40
-0.35 0.00 1.06 27.49
-0.39 0.02 1.05 27.40
-0.14 -0.00 1.03 27.49
-0.11 -0.03 1.03 27.49
0.05 0.00 1.04 27.40
0.05 -0.00 1.03 27.35
0.07 -0.01 1.03 27.40
0.06 -0.01 1.02 27.45
0.06 -0.01 1.03 27.45
0.05 -0.01 1.03 27.45
0.05 -0.01 1.03 27.45
0.05 -0.01 1.03 27.45
0.05 -0.03 1.03 27.45
0.07 -0.11 1.04 27.45
-0.01 -0.12 1.06 27.49
0.05 -0.17 1.03 27.45
0.05 -0.18 1.02 27.49
0.07 -0.19 1.02 27.49
0.01 -0.24 1.04 27.49
0.05 -0.06 0.98 27.49
-0.02 -0.07 1.02 27.40
0.09 0.03 1.01 27.40
0.15 0.14 1.04 27.45
0.18 0.26 1.02 27.54
0.14 0.27 1.03 27.49
0.04 0.30 1.01 27.40
0.05 0.24 1.03 27.45
0.03 0.19 1.03 27.40
0.06 0.01 1.02 27.49
0.05 0.00 1.02 27.45
0.06 0.01 1.02 27.45
0.04 -0.03 1.03 27.40
0.05 -0.02 1.03 27.49
0.06 -0.00 1.02 27.45
0.05 0.00 1.03 27.49
0.02 -0.02 1.03 27.45
-0.24 0.03 1.03 27.35
-0.23 0.02 1.04 27.35
-0.27 0.01 1.05 27.49
-0.21 0.02 1.06 27.49
-0.17 -0.01 1.05 27.49
-0.11 -0.02 0.99 27.49
0.01 -0.03 1.06 27.45
0.17 -0.05 1.07 27.49
0.32 -0.04 0.98 27.40
0.50 -0.04 1.01 27.49
0.44 -0.03 1.02 27.45
0.38 -0.02 1.02 27.49
0.29 -0.01 1.00 27.54
0.21 0.01 1.02 27.54
0.12 0.01 1.03 27.45
0.06 -0.01 1.03 27.49
0.05 -0.00 1.03 27.40
0.05 -0.01 1.02 27.40
0.05 -0.01 1.03 27.49
0.06 0.00 1.04 27.45
0.04 0.02 1.02 27.45
0.06 0.11 1.02 27.40
0.06 0.16 1.02 27.49
0.04 0.19 1.02 27.45
0.12 0.24 1.00 27.49
0.13 0.23 1.02 27.35
0.18 0.21 1.04 27.45
0.08 0.17 1.03 27.45
0.03 0.05 1.03 27.40
-0.04 0.03 1.00 27.54
0.02 -0.07 1.01 27.45
0.03 -0.03 1.02 27.45
0.08 -0.09 1.03 27.45
2.00 1.61 0.73 27.54
0.05 0.10 1.04 27.49
-0.01 -0.22 1.17 27.35
0.01 -0.16 1.03 27.40
0.00 -0.33 1.05 27.49
0.04 -0.20 1.03 27.40
0.09 -0.10 1.02 27.45
0.06 -0.00 1.03 27.45
0.06 -0.01 1.02 27.35
0.06 -0.00 1.02 27.45
0.06 -0.00 1.02 27.45
0.06 -0.00 1.03 27.49
0.05 -0.00 1.02 27.49
0.06 -0.01 1.03 27.49
0.06 -0.00 1.03 27.40
